    1.0000E-05   0.00000E+00 0.0000
    1.2561E-05   0.00000E+00 0.0000
    1.5777E-05   0.00000E+00 0.0000
    1.9817E-05   0.00000E+00 0.0000
    2.4891E-05   0.00000E+00 0.0000
    3.1264E-05   0.00000E+00 0.0000
    3.9270E-05   0.00000E+00 0.0000
    4.9325E-05   0.00000E+00 0.0000
    6.1955E-05   0.00000E+00 0.0000
    7.7820E-05   0.00000E+00 0.0000
    9.7746E-05   0.00000E+00 0.0000
    1.2277E-04   0.00000E+00 0.0000
    1.5421E-04   2.07180E-09 1.0000
    1.9370E-04   0.00000E+00 0.0000
    2.4330E-04   0.00000E+00 0.0000
    3.0560E-04   0.00000E+00 0.0000
    3.8385E-04   0.00000E+00 0.0000
    4.8213E-04   2.95830E-11 1.0000
    6.0559E-04   1.30257E-10 1.0000
    7.6066E-04   0.00000E+00 0.0000
    9.5543E-04   0.00000E+00 0.0000
    1.2001E-03   0.00000E+00 0.0000
    1.5074E-03   5.92129E-11 1.0000
    1.8933E-03   9.10453E-09 0.9862
    2.3781E-03   1.14076E-10 0.5853
    2.9871E-03   3.02854E-11 1.0000
    3.7520E-03   2.61452E-10 0.5879
    4.7127E-03   1.77389E-09 0.4593
    5.9194E-03   5.90052E-10 0.4315
    7.4351E-03   6.06619E-09 0.6250
    9.3389E-03   3.47738E-09 0.5907
    1.1730E-02   1.81711E-09 0.2981
    1.4734E-02   5.76393E-08 0.9654
    1.8507E-02   5.45040E-09 0.1989
    2.3245E-02   2.23561E-08 0.3661
    2.9198E-02   4.90122E-08 0.4895
    3.6674E-02   2.11110E-08 0.1581
    4.6064E-02   3.86080E-08 0.1996
    5.7860E-02   1.26680E-07 0.5788
    7.2675E-02   1.17821E-07 0.3653
    9.1284E-02   1.02259E-07 0.1626
    1.1466E-01   2.68175E-07 0.4712
    1.4402E-01   1.24168E-07 0.1129
    1.8089E-01   2.36899E-07 0.1750
    2.2721E-01   4.49679E-07 0.4727
    2.8539E-01   4.41103E-07 0.3052
    3.5847E-01   5.22048E-07 0.1860
    4.5026E-01   9.98692E-07 0.1714
    5.6556E-01   1.85586E-06 0.3650
    7.1037E-01   1.51087E-06 0.1333
    8.9227E-01   1.90767E-06 0.1637
    1.1207E+00   1.33222E-06 0.0879
    1.4077E+00   2.06467E-06 0.2823
    1.7682E+00   1.35464E-06 0.4831
    2.2209E+00   7.26176E-09 0.5384
    2.7896E+00   0.00000E+00 0.0000
    3.5039E+00   0.00000E+00 0.0000
    4.4011E+00   0.00000E+00 0.0000
    5.5281E+00   0.00000E+00 0.0000
    6.9436E+00   0.00000E+00 0.0000
    8.7216E+00   0.00000E+00 0.0000
    1.0955E+01   0.00000E+00 0.0000
    1.3760E+01   0.00000E+00 0.0000
    1.7283E+01   0.00000E+00 0.0000
    2.1709E+01   0.00000E+00 0.0000
    2.7267E+01   0.00000E+00 0.0000
    3.4249E+01   0.00000E+00 0.0000
    4.3019E+01   0.00000E+00 0.0000
    5.4035E+01   0.00000E+00 0.0000
    6.7871E+01   0.00000E+00 0.0000
    8.5250E+01   0.00000E+00 0.0000
    1.0708E+02   0.00000E+00 0.0000
    1.3450E+02   0.00000E+00 0.0000
    1.6894E+02   0.00000E+00 0.0000
    2.1219E+02   0.00000E+00 0.0000
    2.6653E+02   0.00000E+00 0.0000
    3.3477E+02   0.00000E+00 0.0000
    4.2050E+02   0.00000E+00 0.0000
    5.2817E+02   0.00000E+00 0.0000
    6.6341E+02   0.00000E+00 0.0000
    8.3328E+02   0.00000E+00 0.0000
    1.0467E+03   0.00000E+00 0.0000
    1.3147E+03   0.00000E+00 0.0000
    1.6513E+03   0.00000E+00 0.0000
    2.0741E+03   0.00000E+00 0.0000
    2.6052E+03   0.00000E+00 0.0000
    3.2723E+03   0.00000E+00 0.0000
    4.1102E+03   0.00000E+00 0.0000
    5.1626E+03   0.00000E+00 0.0000
    6.4846E+03   0.00000E+00 0.0000
    8.1450E+03   0.00000E+00 0.0000
    1.0231E+04   0.00000E+00 0.0000
    1.2850E+04   0.00000E+00 0.0000
    1.6141E+04   0.00000E+00 0.0000
    2.0274E+04   0.00000E+00 0.0000
    2.5465E+04   0.00000E+00 0.0000
    3.1985E+04   0.00000E+00 0.0000
    4.0175E+04   0.00000E+00 0.0000
    5.0463E+04   0.00000E+00 0.0000
    6.3384E+04   0.00000E+00 0.0000
    7.9614E+04   0.00000E+00 0.0000
    1.0000E+05   0.00000E+00 0.0000