    1.0000E-10   0.00000E+00 0.0000
    1.2563E-10   0.00000E+00 0.0000
    1.5783E-10   0.00000E+00 0.0000
    1.9829E-10   0.00000E+00 0.0000
    2.4911E-10   0.00000E+00 0.0000
    3.1296E-10   0.00000E+00 0.0000
    3.9318E-10   0.00000E+00 0.0000
    4.9396E-10   0.00000E+00 0.0000
    6.2057E-10   0.00000E+00 0.0000
    7.7964E-10   0.00000E+00 0.0000
    9.7947E-10   0.00000E+00 0.0000
    1.2305E-09   0.00000E+00 0.0000
    1.5459E-09   0.00000E+00 0.0000
    1.9422E-09   0.00000E+00 0.0000
    2.4400E-09   0.00000E+00 0.0000
    3.0654E-09   0.00000E+00 0.0000
    3.8511E-09   0.00000E+00 0.0000
    4.8382E-09   0.00000E+00 0.0000
    6.0783E-09   0.00000E+00 0.0000
    7.6363E-09   0.00000E+00 0.0000
    9.5936E-09   0.00000E+00 0.0000
    1.2053E-08   0.00000E+00 0.0000
    1.5142E-08   0.00000E+00 0.0000
    1.9023E-08   0.00000E+00 0.0000
    2.3899E-08   0.00000E+00 0.0000
    3.0025E-08   0.00000E+00 0.0000
    3.7720E-08   0.00000E+00 0.0000
    4.7389E-08   0.00000E+00 0.0000
    5.9535E-08   0.00000E+00 0.0000
    7.4795E-08   0.00000E+00 0.0000
    9.3966E-08   0.00000E+00 0.0000
    1.1805E-07   0.00000E+00 0.0000
    1.4831E-07   0.00000E+00 0.0000
    1.8632E-07   0.00000E+00 0.0000
    2.3408E-07   0.00000E+00 0.0000
    2.9408E-07   0.00000E+00 0.0000
    3.6946E-07   0.00000E+00 0.0000
    4.6416E-07   0.00000E+00 0.0000
    5.8313E-07   0.00000E+00 0.0000
    7.3260E-07   0.00000E+00 0.0000
    9.2037E-07   0.00000E+00 0.0000
    1.1563E-06   0.00000E+00 0.0000
    1.4527E-06   0.00000E+00 0.0000
    1.8250E-06   0.00000E+00 0.0000
    2.2928E-06   0.00000E+00 0.0000
    2.8804E-06   0.00000E+00 0.0000
    3.6187E-06   0.00000E+00 0.0000
    4.5463E-06   0.00000E+00 0.0000
    5.7116E-06   0.00000E+00 0.0000
    7.1756E-06   0.00000E+00 0.0000
    9.0148E-06   0.00000E+00 0.0000
    1.1325E-05   0.00000E+00 0.0000
    1.4228E-05   0.00000E+00 0.0000
    1.7875E-05   0.00000E+00 0.0000
    2.2457E-05   0.00000E+00 0.0000
    2.8213E-05   0.00000E+00 0.0000
    3.5445E-05   0.00000E+00 0.0000
    4.4530E-05   0.00000E+00 0.0000
    5.5943E-05   0.00000E+00 0.0000
    7.0282E-05   0.00000E+00 0.0000
    8.8297E-05   0.00000E+00 0.0000
    1.1093E-04   0.00000E+00 0.0000
    1.3936E-04   0.00000E+00 0.0000
    1.7508E-04   2.07066E-10 1.0000
    2.1996E-04   0.00000E+00 0.0000
    2.7634E-04   0.00000E+00 0.0000
    3.4717E-04   0.00000E+00 0.0000
    4.3615E-04   3.22299E-11 1.0000
    5.4795E-04   0.00000E+00 0.0000
    6.8840E-04   8.95737E-11 1.0000
    8.6484E-04   0.00000E+00 0.0000
    1.0865E-03   0.00000E+00 0.0000
    1.3650E-03   5.39930E-11 1.0000
    1.7149E-03   2.91560E-10 0.8009
    2.1544E-03   8.15818E-11 0.7077
    2.7067E-03   7.77140E-11 0.7154
    3.4004E-03   1.16847E-10 0.5865
    4.2720E-03   6.62639E-10 0.3834
    5.3670E-03   5.97878E-10 0.4082
    6.7426E-03   1.03106E-09 0.3188
    8.4709E-03   1.84247E-09 0.2328
    1.0642E-02   9.78397E-10 0.2675
    1.3370E-02   1.72568E-09 0.2410
    1.6797E-02   2.28951E-09 0.1726
    2.1102E-02   4.50040E-09 0.1510
    2.6511E-02   5.85526E-09 0.1367
    3.3306E-02   9.12044E-09 0.1022
    4.1843E-02   1.30533E-08 0.0892
    5.2568E-02   1.78837E-08 0.0750
    6.6042E-02   2.16086E-08 0.0677
    8.2970E-02   3.08613E-08 0.0573
    1.0424E-01   3.97113E-08 0.0504
    1.3095E-01   4.91915E-08 0.0442
    1.6452E-01   6.35152E-08 0.0390
    2.0669E-01   7.47840E-08 0.0365
    2.5967E-01   9.22266E-08 0.0337
    3.2622E-01   1.18259E-07 0.0287
    4.0984E-01   1.69933E-07 0.0240
    5.1489E-01   2.67776E-07 0.0192
    6.4686E-01   3.21665E-07 0.0177
    8.1266E-01   3.86950E-07 0.0159
    1.0210E+00   4.18315E-07 0.0153
    1.2826E+00   3.71632E-07 0.0161
    1.6114E+00   2.71886E-07 0.0189
    2.0244E+00   4.48855E-08 0.0460
    2.5433E+00   0.00000E+00 0.0000
    3.1952E+00   0.00000E+00 0.0000
    4.0142E+00   0.00000E+00 0.0000
    5.0432E+00   0.00000E+00 0.0000
    6.3358E+00   0.00000E+00 0.0000
    7.9598E+00   0.00000E+00 0.0000
    1.0000E+01   0.00000E+00 0.0000