    1.0000E-05   0.00000E+00 0.0000
    1.2561E-05   0.00000E+00 0.0000
    1.5777E-05   0.00000E+00 0.0000
    1.9817E-05   0.00000E+00 0.0000
    2.4891E-05   0.00000E+00 0.0000
    3.1264E-05   0.00000E+00 0.0000
    3.9270E-05   0.00000E+00 0.0000
    4.9325E-05   0.00000E+00 0.0000
    6.1955E-05   0.00000E+00 0.0000
    7.7820E-05   0.00000E+00 0.0000
    9.7746E-05   0.00000E+00 0.0000
    1.2277E-04   0.00000E+00 0.0000
    1.5421E-04   2.06820E-10 1.0000
    1.9370E-04   0.00000E+00 0.0000
    2.4330E-04   0.00000E+00 0.0000
    3.0560E-04   0.00000E+00 0.0000
    3.8385E-04   0.00000E+00 0.0000
    4.8213E-04   3.21916E-11 1.0000
    6.0559E-04   8.94672E-11 1.0000
    7.6066E-04   0.00000E+00 0.0000
    9.5543E-04   0.00000E+00 0.0000
    1.2001E-03   0.00000E+00 0.0000
    1.5074E-03   5.39288E-11 1.0000
    1.8933E-03   3.33573E-10 0.7107
    2.3781E-03   1.16746E-10 0.5819
    2.9871E-03   3.28769E-11 1.0000
    3.7520E-03   2.17508E-10 0.5385
    4.7127E-03   8.80560E-10 0.3450
    5.9194E-03   4.64870E-10 0.3840
    7.4351E-03   1.65620E-09 0.2558
    9.3389E-03   1.27074E-09 0.2739
    1.1730E-02   1.23581E-09 0.2516
    1.4734E-02   1.77855E-09 0.2270
    1.8507E-02   3.47606E-09 0.1572
    2.3245E-02   4.78123E-09 0.1504
    2.9198E-02   7.81510E-09 0.1164
    3.6674E-02   1.04139E-08 0.0958
    4.6064E-02   1.46162E-08 0.0844
    5.7860E-02   1.90564E-08 0.0715
    7.2675E-02   2.45154E-08 0.0636
    9.1284E-02   3.45361E-08 0.0540
    1.1466E-01   4.50946E-08 0.0474
    1.4402E-01   5.47077E-08 0.0413
    1.8089E-01   6.72934E-08 0.0387
    2.2721E-01   8.24656E-08 0.0351
    2.8539E-01   1.02308E-07 0.0317
    3.5847E-01   1.30584E-07 0.0273
    4.5026E-01   2.12424E-07 0.0216
    5.6556E-01   2.94576E-07 0.0183
    7.1037E-01   3.37013E-07 0.0172
    8.9227E-01   4.12369E-07 0.0154
    1.1207E+00   4.11891E-07 0.0155
    1.4077E+00   3.39462E-07 0.0168
    1.7682E+00   1.83187E-07 0.0229
    2.2209E+00   2.44636E-09 0.1973
    2.7896E+00   0.00000E+00 0.0000
    3.5039E+00   0.00000E+00 0.0000
    4.4011E+00   0.00000E+00 0.0000
    5.5281E+00   0.00000E+00 0.0000
    6.9436E+00   0.00000E+00 0.0000
    8.7216E+00   0.00000E+00 0.0000
    1.0955E+01   0.00000E+00 0.0000
    1.3760E+01   0.00000E+00 0.0000
    1.7283E+01   0.00000E+00 0.0000
    2.1709E+01   0.00000E+00 0.0000
    2.7267E+01   0.00000E+00 0.0000
    3.4249E+01   0.00000E+00 0.0000
    4.3019E+01   0.00000E+00 0.0000
    5.4035E+01   0.00000E+00 0.0000
    6.7871E+01   0.00000E+00 0.0000
    8.5250E+01   0.00000E+00 0.0000
    1.0708E+02   0.00000E+00 0.0000
    1.3450E+02   0.00000E+00 0.0000
    1.6894E+02   0.00000E+00 0.0000
    2.1219E+02   0.00000E+00 0.0000
    2.6653E+02   0.00000E+00 0.0000
    3.3477E+02   0.00000E+00 0.0000
    4.2050E+02   0.00000E+00 0.0000
    5.2817E+02   0.00000E+00 0.0000
    6.6341E+02   0.00000E+00 0.0000
    8.3328E+02   0.00000E+00 0.0000
    1.0467E+03   0.00000E+00 0.0000
    1.3147E+03   0.00000E+00 0.0000
    1.6513E+03   0.00000E+00 0.0000
    2.0741E+03   0.00000E+00 0.0000
    2.6052E+03   0.00000E+00 0.0000
    3.2723E+03   0.00000E+00 0.0000
    4.1102E+03   0.00000E+00 0.0000
    5.1626E+03   0.00000E+00 0.0000
    6.4846E+03   0.00000E+00 0.0000
    8.1450E+03   0.00000E+00 0.0000
    1.0231E+04   0.00000E+00 0.0000
    1.2850E+04   0.00000E+00 0.0000
    1.6141E+04   0.00000E+00 0.0000
    2.0274E+04   0.00000E+00 0.0000
    2.5465E+04   0.00000E+00 0.0000
    3.1985E+04   0.00000E+00 0.0000
    4.0175E+04   0.00000E+00 0.0000
    5.0463E+04   0.00000E+00 0.0000
    6.3384E+04   0.00000E+00 0.0000
    7.9614E+04   0.00000E+00 0.0000
    1.0000E+05   0.00000E+00 0.0000