    1.0000E-10   0.00000E+00 0.0000
    1.2563E-10   0.00000E+00 0.0000
    1.5783E-10   0.00000E+00 0.0000
    1.9829E-10   0.00000E+00 0.0000
    2.4911E-10   0.00000E+00 0.0000
    3.1296E-10   0.00000E+00 0.0000
    3.9318E-10   0.00000E+00 0.0000
    4.9396E-10   0.00000E+00 0.0000
    6.2057E-10   0.00000E+00 0.0000
    7.7964E-10   0.00000E+00 0.0000
    9.7947E-10   0.00000E+00 0.0000
    1.2305E-09   0.00000E+00 0.0000
    1.5459E-09   0.00000E+00 0.0000
    1.9422E-09   0.00000E+00 0.0000
    2.4400E-09   0.00000E+00 0.0000
    3.0654E-09   0.00000E+00 0.0000
    3.8511E-09   0.00000E+00 0.0000
    4.8382E-09   0.00000E+00 0.0000
    6.0783E-09   0.00000E+00 0.0000
    7.6363E-09   0.00000E+00 0.0000
    9.5936E-09   0.00000E+00 0.0000
    1.2053E-08   0.00000E+00 0.0000
    1.5142E-08   0.00000E+00 0.0000
    1.9023E-08   0.00000E+00 0.0000
    2.3899E-08   0.00000E+00 0.0000
    3.0025E-08   0.00000E+00 0.0000
    3.7720E-08   0.00000E+00 0.0000
    4.7389E-08   0.00000E+00 0.0000
    5.9535E-08   0.00000E+00 0.0000
    7.4795E-08   0.00000E+00 0.0000
    9.3966E-08   0.00000E+00 0.0000
    1.1805E-07   0.00000E+00 0.0000
    1.4831E-07   0.00000E+00 0.0000
    1.8632E-07   0.00000E+00 0.0000
    2.3408E-07   0.00000E+00 0.0000
    2.9408E-07   0.00000E+00 0.0000
    3.6946E-07   0.00000E+00 0.0000
    4.6416E-07   0.00000E+00 0.0000
    5.8313E-07   0.00000E+00 0.0000
    7.3260E-07   0.00000E+00 0.0000
    9.2037E-07   0.00000E+00 0.0000
    1.1563E-06   0.00000E+00 0.0000
    1.4527E-06   0.00000E+00 0.0000
    1.8250E-06   0.00000E+00 0.0000
    2.2928E-06   0.00000E+00 0.0000
    2.8804E-06   0.00000E+00 0.0000
    3.6187E-06   0.00000E+00 0.0000
    4.5463E-06   0.00000E+00 0.0000
    5.7116E-06   0.00000E+00 0.0000
    7.1756E-06   0.00000E+00 0.0000
    9.0148E-06   0.00000E+00 0.0000
    1.1325E-05   0.00000E+00 0.0000
    1.4228E-05   0.00000E+00 0.0000
    1.7875E-05   0.00000E+00 0.0000
    2.2457E-05   0.00000E+00 0.0000
    2.8213E-05   0.00000E+00 0.0000
    3.5445E-05   0.00000E+00 0.0000
    4.4530E-05   0.00000E+00 0.0000
    5.5943E-05   0.00000E+00 0.0000
    7.0282E-05   0.00000E+00 0.0000
    8.8297E-05   0.00000E+00 0.0000
    1.1093E-04   0.00000E+00 0.0000
    1.3936E-04   0.00000E+00 0.0000
    1.7508E-04   2.07426E-09 1.0000
    2.1996E-04   0.00000E+00 0.0000
    2.7634E-04   0.00000E+00 0.0000
    3.4717E-04   0.00000E+00 0.0000
    4.3615E-04   2.96182E-11 1.0000
    5.4795E-04   0.00000E+00 0.0000
    6.8840E-04   1.30412E-10 1.0000
    8.6484E-04   0.00000E+00 0.0000
    1.0865E-03   0.00000E+00 0.0000
    1.3650E-03   5.92834E-11 1.0000
    1.7149E-03   9.07293E-09 0.9908
    2.1544E-03   8.06042E-11 0.7081
    2.7067E-03   7.60525E-11 0.7216
    3.4004E-03   1.14756E-10 0.5942
    4.2720E-03   1.30139E-09 0.5559
    5.3670E-03   1.01212E-09 0.4577
    6.7426E-03   4.82934E-09 0.7759
    8.4709E-03   4.58899E-09 0.4654
    1.0642E-02   1.25700E-09 0.3002
    1.3370E-02   5.79205E-08 0.9619
    1.6797E-02   2.93172E-09 0.2035
    2.1102E-02   1.83687E-08 0.4154
    2.6511E-02   4.50753E-08 0.5309
    3.3306E-02   2.06522E-08 0.2116
    4.1843E-02   2.87696E-08 0.1408
    5.2568E-02   1.28683E-07 0.5719
    6.6042E-02   1.00681E-07 0.4142
    8.2970E-02   1.03648E-07 0.1849
    1.0424E-01   2.46982E-07 0.5101
    1.3095E-01   1.23208E-07 0.1399
    1.6452E-01   1.67673E-07 0.1135
    2.0669E-01   2.53385E-07 0.1679
    2.5967E-01   6.35044E-07 0.3925
    3.2622E-01   3.22328E-07 0.1301
    4.0984E-01   9.98913E-07 0.1919
    5.1489E-01   1.59355E-06 0.4210
    6.4686E-01   1.55058E-06 0.1307
    8.1266E-01   1.93608E-06 0.1674
    1.0210E+00   1.36407E-06 0.0893
    1.2826E+00   1.48028E-06 0.1549
    1.6114E+00   1.54761E-06 0.3518
    2.0244E+00   8.87178E-07 0.7328
    2.5433E+00   0.00000E+00 0.0000
    3.1952E+00   0.00000E+00 0.0000
    4.0142E+00   0.00000E+00 0.0000
    5.0432E+00   0.00000E+00 0.0000
    6.3358E+00   0.00000E+00 0.0000
    7.9598E+00   0.00000E+00 0.0000
    1.0000E+01   0.00000E+00 0.0000