    1.0000E-05   0.00000E+00 0.0000
    1.2561E-05   0.00000E+00 0.0000
    1.5777E-05   0.00000E+00 0.0000
    1.9817E-05   0.00000E+00 0.0000
    2.4891E-05   0.00000E+00 0.0000
    3.1264E-05   0.00000E+00 0.0000
    3.9270E-05   0.00000E+00 0.0000
    4.9325E-05   0.00000E+00 0.0000
    6.1955E-05   0.00000E+00 0.0000
    7.7820E-05   0.00000E+00 0.0000
    9.7746E-05   0.00000E+00 0.0000
    1.2277E-04   0.00000E+00 0.0000
    1.5421E-04   1.52448E-10 1.0000
    1.9370E-04   0.00000E+00 0.0000
    2.4330E-04   0.00000E+00 0.0000
    3.0560E-04   0.00000E+00 0.0000
    3.8385E-04   0.00000E+00 0.0000
    4.8213E-04   2.35526E-11 1.0000
    6.0559E-04   6.49903E-11 1.0000
    7.6066E-04   0.00000E+00 0.0000
    9.5543E-04   0.00000E+00 0.0000
    1.2001E-03   0.00000E+00 0.0000
    1.5074E-03   4.32940E-11 1.0000
    1.8933E-03   3.10678E-10 0.7287
    2.3781E-03   1.48130E-10 0.5795
    2.9871E-03   6.44027E-11 1.0000
    3.7520E-03   2.15065E-10 0.5124
    4.7127E-03   7.64498E-10 0.3243
    5.9194E-03   4.64117E-10 0.3871
    7.4351E-03   1.85474E-09 0.2555
    9.3389E-03   1.82788E-09 0.3088
    1.1730E-02   1.54748E-09 0.3174
    1.4734E-02   2.72612E-09 0.2425
    1.8507E-02   4.26263E-09 0.1872
    2.3245E-02   5.89679E-09 0.1607
    2.9198E-02   9.74771E-09 0.1268
    3.6674E-02   1.37716E-08 0.1112
    4.6064E-02   1.84086E-08 0.0951
    5.7860E-02   2.47962E-08 0.0821
    7.2675E-02   3.23186E-08 0.0720
    9.1284E-02   4.70092E-08 0.0624
    1.1466E-01   5.66269E-08 0.0535
    1.4402E-01   7.35164E-08 0.0475
    1.8089E-01   8.90536E-08 0.0448
    2.2721E-01   1.03906E-07 0.0406
    2.8539E-01   1.29125E-07 0.0352
    3.5847E-01   1.70626E-07 0.0315
    4.5026E-01   2.77577E-07 0.0246
    5.6556E-01   3.81128E-07 0.0210
    7.1037E-01   4.39414E-07 0.0196
    8.9227E-01   5.33257E-07 0.0176
    1.1207E+00   5.31989E-07 0.0179
    1.4077E+00   4.38188E-07 0.0192
    1.7682E+00   2.33865E-07 0.0261
    2.2209E+00   3.61950E-09 0.2364
    2.7896E+00   0.00000E+00 0.0000
    3.5039E+00   0.00000E+00 0.0000
    4.4011E+00   0.00000E+00 0.0000
    5.5281E+00   0.00000E+00 0.0000
    6.9436E+00   0.00000E+00 0.0000
    8.7216E+00   0.00000E+00 0.0000
    1.0955E+01   0.00000E+00 0.0000
    1.3760E+01   0.00000E+00 0.0000
    1.7283E+01   0.00000E+00 0.0000
    2.1709E+01   0.00000E+00 0.0000
    2.7267E+01   0.00000E+00 0.0000
    3.4249E+01   0.00000E+00 0.0000
    4.3019E+01   0.00000E+00 0.0000
    5.4035E+01   0.00000E+00 0.0000
    6.7871E+01   0.00000E+00 0.0000
    8.5250E+01   0.00000E+00 0.0000
    1.0708E+02   0.00000E+00 0.0000
    1.3450E+02   0.00000E+00 0.0000
    1.6894E+02   0.00000E+00 0.0000
    2.1219E+02   0.00000E+00 0.0000
    2.6653E+02   0.00000E+00 0.0000
    3.3477E+02   0.00000E+00 0.0000
    4.2050E+02   0.00000E+00 0.0000
    5.2817E+02   0.00000E+00 0.0000
    6.6341E+02   0.00000E+00 0.0000
    8.3328E+02   0.00000E+00 0.0000
    1.0467E+03   0.00000E+00 0.0000
    1.3147E+03   0.00000E+00 0.0000
    1.6513E+03   0.00000E+00 0.0000
    2.0741E+03   0.00000E+00 0.0000
    2.6052E+03   0.00000E+00 0.0000
    3.2723E+03   0.00000E+00 0.0000
    4.1102E+03   0.00000E+00 0.0000
    5.1626E+03   0.00000E+00 0.0000
    6.4846E+03   0.00000E+00 0.0000
    8.1450E+03   0.00000E+00 0.0000
    1.0231E+04   0.00000E+00 0.0000
    1.2850E+04   0.00000E+00 0.0000
    1.6141E+04   0.00000E+00 0.0000
    2.0274E+04   0.00000E+00 0.0000
    2.5465E+04   0.00000E+00 0.0000
    3.1985E+04   0.00000E+00 0.0000
    4.0175E+04   0.00000E+00 0.0000
    5.0463E+04   0.00000E+00 0.0000
    6.3384E+04   0.00000E+00 0.0000
    7.9614E+04   0.00000E+00 0.0000
    1.0000E+05   0.00000E+00 0.0000